     0/299     25.7G      5.81      3.25      2.62      11.7        17       640         0         0  0.000422         0      9.78       3.4      4.81
     1/299     25.7G      4.82      2.64      2.46      9.92        17       640         0         0    0.0112         0      4.11      1.94      2.26
     2/299     25.7G      4.34      2.34      2.43      9.11         9       640     0.187   0.00251    0.0335   0.00496      4.62      1.86      2.15
     3/299     25.7G      3.96      2.02      2.26      8.24        16       640     0.554    0.0113     0.151     0.022      3.43      1.47      1.89
     4/299     25.7G      3.67      1.82      1.94      7.43        17       640     0.224    0.0999     0.113     0.132      3.37      1.46      1.84
     5/299     25.7G       3.5      1.68      1.75      6.92         8       640     0.285     0.242     0.198     0.261      3.05      1.19      1.53
     6/299     25.7G      3.35      1.62      1.67      6.64        11       640     0.319     0.249     0.237     0.273      2.88      1.21      1.81
     7/299     25.7G      3.27      1.59      1.58      6.44        11       640     0.398     0.279     0.278     0.319      2.71      1.18      1.37
     8/299     25.7G      3.19      1.57      1.56      6.32        14       640     0.369     0.294     0.278     0.322      2.75      1.15      1.51
     9/299     25.7G      3.15      1.56      1.52      6.22         7       640     0.326     0.343     0.296     0.327      2.64      1.16      1.18
    10/299     25.7G      3.11      1.56      1.49      6.16        13       640     0.332     0.395     0.317     0.356      2.65      1.14      1.15
    11/299     25.7G      3.06      1.54      1.46      6.07        10       640     0.281     0.447     0.302     0.317       2.6      1.15      1.13
    12/299     25.7G      2.98      1.51      1.41       5.9        20       640     0.374     0.437     0.346     0.394      2.46      1.14      1.13
    13/299     25.7G      2.97       1.5      1.41      5.89         8       640     0.374     0.422     0.352     0.388      2.48      1.11      1.07
    14/299     25.7G      2.91      1.51       1.4      5.82        11       640     0.356     0.466      0.34     0.403      2.45      1.14      1.25
    15/299     25.7G       2.9      1.53      1.35      5.78         9       640     0.401     0.394     0.363     0.394      2.42      1.11      1.13
    16/299     25.7G      2.85      1.51      1.35      5.71        18       640     0.398     0.434     0.381     0.398      2.43      1.11      1.08
    17/299     25.7G      2.85       1.5       1.3      5.65        11       640     0.364     0.415     0.335     0.383      2.48      1.12      1.33
    18/299     25.7G      2.81      1.51      1.33      5.65         6       640     0.335     0.553     0.383     0.408      2.36      1.08      1.04
    19/299     25.7G      2.82      1.52      1.29      5.63        18       640     0.399     0.453     0.401     0.414      2.33      1.07      1.03
    20/299     25.7G      2.78      1.52      1.33      5.62        14       640     0.392     0.472     0.405     0.416      2.26      1.08     0.956
    21/299     25.7G      2.76      1.49      1.26      5.51        15       640     0.396     0.469      0.41     0.426      2.29      1.09      1.03
    22/299     25.7G      2.71      1.51      1.25      5.46        18       640     0.391     0.511     0.427     0.413      2.23      1.07     0.945
    23/299     25.7G      2.73      1.48      1.28      5.48        11       640     0.386     0.493     0.383     0.425      2.25      1.08      1.14
    24/299     25.7G       2.7      1.47      1.25      5.41         6       640     0.393     0.509     0.425     0.424      2.23      1.07     0.951
    25/299     25.7G      2.69      1.44      1.24      5.37        13       640     0.386     0.535     0.408     0.426      2.26      1.07     0.995
    26/299     25.7G      2.66      1.47      1.18      5.31        20       640     0.355     0.555     0.414     0.412      2.24      1.06     0.951
    27/299     25.7G      2.65      1.47       1.2      5.32        12       640     0.356     0.606     0.427     0.437      2.15      1.07     0.915
    28/299     25.7G      2.66      1.45      1.15      5.26        18       640     0.405      0.54     0.422     0.462       2.2      1.07      1.04
    29/299     25.7G      2.63      1.46      1.16      5.25        19       640     0.406     0.498     0.396     0.444      2.31      1.08     0.958
    30/299     25.7G      2.61      1.43      1.17      5.22        15       640     0.379     0.536     0.397     0.438      2.22      1.07      1.09
    31/299     25.7G      2.62      1.43      1.14       5.2        22       640     0.385     0.593      0.44     0.456      2.15      1.05      0.94
    32/299     25.7G      2.62      1.44      1.16      5.23        10       640     0.357     0.561     0.403     0.429      2.18      1.06         1
    33/299     25.7G      2.59      1.46      1.14      5.19        14       640     0.367     0.571      0.43     0.435      2.14      1.05     0.871
    34/299     25.7G      2.59      1.44      1.12      5.15        12       640     0.412     0.556     0.461      0.46      2.15      1.04     0.924
    35/299     25.7G      2.59      1.43      1.12      5.15         8       640     0.382     0.605     0.457     0.463      2.09      1.05     0.943
    36/299     25.7G      2.55      1.43       1.1      5.08         7       640      0.39     0.593     0.467     0.459      2.05      1.04     0.906
    37/299     25.7G      2.54      1.44      1.14      5.12        12       640       0.4     0.588      0.47     0.469      2.05      1.03     0.905
    38/299     25.7G      2.53      1.42      1.13      5.08         6       640     0.371     0.611     0.458     0.454      2.02      1.04      0.84
    39/299     25.7G      2.56      1.41      1.11      5.08        23       640     0.442     0.532     0.491     0.457      2.05      1.02     0.871
    40/299     25.7G      2.49       1.4      1.09      4.98         8       640      0.45     0.505     0.472     0.459      2.06      1.05     0.971
    41/299     25.7G       2.5      1.43      1.05      4.99        10       640      0.42     0.596     0.474     0.485         2      1.01     0.845
    42/299     25.7G       2.5      1.42      1.05      4.98         9       640      0.41      0.62     0.492     0.481      2.01      1.01     0.795
    43/299     25.7G      2.46      1.41      1.08      4.95        15       640     0.447     0.607     0.508     0.505         2      1.01     0.808
    44/299     25.7G      2.48      1.41       1.1      4.99        15       640     0.424      0.63       0.5       0.5      2.02      1.01     0.779
    45/299     25.7G      2.49      1.43      1.06      4.97        20       640      0.43     0.613     0.477     0.503      2.05      1.02     0.929
    46/299     25.7G      2.48       1.4      1.07      4.95         8       640     0.402     0.633     0.479      0.49      2.03      1.02     0.833
    47/299     25.7G      2.49      1.39      1.05      4.93        23       640     0.416     0.667     0.511     0.508      1.99     0.994     0.757
    48/299     25.7G      2.46      1.39      1.03      4.89        27       640     0.408     0.644     0.505     0.493      1.95     0.999     0.807
    49/299     25.7G      2.46      1.41      1.07      4.95        15       640     0.409     0.658     0.503     0.499         2     0.983     0.794
    50/299     25.7G      2.43      1.41      0.99      4.83        21       640     0.419     0.642     0.487     0.499      1.97         1      0.79
    51/299     25.7G      2.44      1.39      1.01      4.83        12       640     0.438     0.597     0.496     0.493      1.97         1     0.817
    52/299     25.7G      2.43      1.41      1.02      4.85        19       640     0.438     0.663     0.524     0.523      1.93     0.981     0.746
    53/299     25.7G      2.42      1.39         1      4.81         9       640     0.407     0.625     0.499     0.487      1.97     0.984     0.757
    54/299     25.7G      2.46      1.39      1.01      4.86        10       640     0.428      0.67     0.521      0.51      1.93     0.977     0.785
    55/299     25.7G      2.44      1.37      1.02      4.83        14       640     0.465     0.642     0.517     0.537      1.95     0.982     0.795
    56/299     25.7G      2.41      1.38     0.966      4.76        13       640     0.416     0.688     0.532     0.513      1.91      0.97     0.745
    57/299     25.7G      2.39      1.39     0.967      4.75         8       640      0.42     0.678     0.534     0.511      1.95     0.971      0.72
    58/299     25.7G      2.43      1.39     0.987       4.8        13       640     0.469     0.654     0.531     0.542      1.87     0.966     0.747
    59/299     25.7G      2.41      1.38     0.987      4.77        17       640     0.448     0.677     0.558     0.532      1.91     0.969     0.729
    60/299     25.7G      2.39      1.39     0.944      4.73        15       640     0.424     0.653     0.524      0.51      1.88     0.969     0.729
    61/299     25.7G      2.38       1.4      1.01      4.79        14       640     0.439     0.632     0.516     0.515      1.93     0.977      0.78
    62/299     25.7G      2.38      1.39     0.982      4.76        13       640     0.438      0.65     0.533      0.52      1.92     0.964     0.738
    63/299     25.7G      2.36      1.36     0.968      4.69        13       640     0.419     0.695     0.541     0.521       1.9     0.975     0.706
    64/299     25.7G      2.35      1.37     0.943      4.67        16       640     0.429     0.694     0.546     0.521      1.87     0.954     0.735
    65/299     25.7G      2.39      1.33     0.995      4.72         6       640     0.421     0.682     0.529     0.511      1.93     0.971     0.725
    66/299     25.7G      2.35      1.37     0.955      4.68        17       640     0.429     0.693     0.531     0.528      1.88     0.966     0.744
    67/299     25.7G      2.39      1.38     0.939       4.7        16       640      0.39     0.694     0.526     0.487      1.88     0.976     0.711
    68/299     25.7G      2.35      1.36     0.919      4.63         9       640     0.402     0.723     0.568      0.51      1.85     0.955     0.679
    69/299     25.7G      2.35      1.35     0.921      4.62        14       640     0.428     0.671     0.544     0.519      1.86     0.954     0.704
    70/299     25.7G       2.3      1.37     0.904      4.57        12       640     0.436     0.695     0.557     0.532      1.84     0.942     0.693
    71/299     25.7G      2.34      1.36     0.952      4.64        11       640     0.421     0.708     0.561     0.524      1.85     0.949     0.683
    72/299     25.7G      2.32      1.34     0.905      4.57        10       640     0.479     0.656     0.557     0.551      1.87     0.949     0.688
    73/299     25.7G      2.32      1.37     0.894      4.59        10       640     0.431     0.726     0.556     0.535      1.83     0.954     0.667
    74/299     25.7G      2.31      1.35     0.924      4.59        12       640     0.428     0.694     0.543     0.524      1.86     0.946     0.692
    75/299     25.7G      2.34      1.35     0.913       4.6        13       640     0.421     0.727     0.566     0.527      1.79     0.952     0.712
    76/299     25.7G      2.28      1.33       0.9      4.52        11       640     0.428     0.719     0.561     0.534      1.84     0.956     0.623
    77/299     25.7G      2.31      1.36     0.895      4.56        14       640     0.383     0.753     0.549     0.503      1.83     0.949     0.641
    78/299     25.7G      2.29      1.34     0.893      4.53        15       640     0.439     0.722     0.577     0.539      1.81     0.945     0.662
    79/299     25.7G      2.31      1.37     0.867      4.54        11       640     0.424     0.738      0.58     0.531      1.79     0.929     0.663
    80/299     25.7G      2.29      1.34     0.937      4.56        15       640       0.4     0.761     0.559      0.52       1.8     0.941     0.652
    81/299     25.7G      2.29      1.33     0.895      4.52         9       640     0.426     0.726     0.568     0.532      1.83      0.93     0.658
    82/299     25.7G      2.28      1.35     0.905      4.54         8       640     0.472     0.706     0.572     0.562      1.79     0.931     0.628
    83/299     25.7G      2.27      1.33     0.872      4.47        18       640     0.421      0.73      0.57     0.528      1.77      0.92     0.617
    84/299     25.7G      2.27      1.32     0.888      4.48        19       640     0.439     0.713     0.581     0.539      1.83     0.925     0.635
    85/299     25.7G      2.27      1.38     0.873      4.53        21       640      0.44     0.704     0.576     0.537      1.76     0.916     0.657
    86/299     25.7G      2.27      1.34     0.856      4.46        17       640      0.46     0.738     0.588     0.559      1.79     0.916     0.588
    87/299     25.7G      2.27      1.33     0.878      4.47         8       640     0.431      0.72     0.595      0.53      1.77     0.904     0.632
    88/299     25.7G      2.28      1.31     0.866      4.46         8       640     0.419     0.746     0.591     0.532      1.77     0.917     0.619
    89/299     25.7G      2.25      1.36     0.878      4.48        16       640     0.437     0.746     0.585     0.545      1.74     0.918     0.582
    90/299     25.7G      2.27      1.33     0.843      4.44        21       640     0.445     0.716     0.582     0.548      1.79     0.905     0.604
    91/299     25.7G      2.22      1.33     0.833      4.39         9       640     0.446     0.745     0.602     0.556      1.73     0.894     0.602
    92/299     25.7G      2.26      1.32     0.844      4.42         6       640     0.447     0.755     0.612     0.556      1.74     0.908     0.606
    93/299     25.7G      2.24      1.32     0.828      4.38        18       640     0.443     0.743     0.588      0.55      1.73     0.903     0.646
    94/299     25.7G      2.22      1.32     0.832      4.38        16       640      0.45     0.751     0.579     0.556      1.77     0.897     0.597
    95/299     25.7G      2.21       1.3     0.772      4.29        12       640     0.432      0.76     0.589     0.548      1.74     0.887     0.575
    96/299     25.7G       2.2      1.32     0.802      4.32        12       640      0.43     0.749       0.6      0.54      1.74     0.902     0.593
    97/299     25.7G      2.23      1.33       0.8      4.36        18       640     0.439     0.763     0.604     0.553      1.71      0.89     0.588
    98/299     25.7G      2.25      1.31     0.904      4.46        15       640      0.43     0.749      0.59     0.542      1.73     0.904     0.597
    99/299     25.7G      2.24      1.32      0.86      4.42        11       640     0.442     0.753     0.602     0.553      1.69     0.887     0.592
   100/299     25.7G      2.21      1.32     0.813      4.34        27       640     0.442     0.773     0.606     0.559      1.69     0.883     0.562
   101/299     25.7G      2.21      1.32     0.828      4.35        10       640     0.441     0.759     0.608     0.554      1.69     0.884     0.593
   102/299     25.7G      2.19      1.29     0.812      4.29        11       640      0.44      0.78     0.591     0.559      1.68     0.887     0.569
   103/299     25.7G       2.2      1.32     0.795      4.31        21       640      0.43     0.764     0.604     0.547      1.64     0.883     0.578
   104/299     25.7G      2.17       1.3     0.782      4.25        16       640     0.448      0.78     0.616     0.566      1.63     0.874     0.542
   105/299     25.7G      2.19       1.3     0.819      4.31        11       640     0.461     0.785     0.623     0.576      1.67     0.876     0.591
   106/299     25.7G       2.2      1.28     0.811      4.29        10       640     0.454     0.789     0.622     0.573      1.65     0.879     0.598
   107/299     25.7G      2.18       1.3     0.802      4.28        19       640     0.456     0.764     0.624     0.567      1.66     0.877     0.531
   108/299     25.7G      2.18      1.32     0.768      4.27        11       640      0.46     0.806     0.635     0.582      1.65     0.877     0.541
   109/299     25.7G      2.18       1.3     0.764      4.24        15       640     0.461     0.795     0.648     0.579      1.67     0.872     0.516
   110/299     25.7G      2.17       1.3     0.783      4.25        20       640     0.458     0.801     0.641     0.578      1.65     0.863     0.506
   111/299     25.7G      2.15       1.3     0.784      4.24        16       640      0.45     0.813     0.647     0.573      1.64     0.859     0.505
   112/299     25.7G      2.16      1.27     0.762      4.19         9       640     0.461     0.813     0.657     0.584      1.62     0.855     0.513
   113/299     25.7G      2.18      1.29     0.787      4.26        11       640     0.466      0.81     0.651     0.587      1.62     0.843     0.513
   114/299     25.7G      2.16      1.29     0.743      4.19         8       640     0.456     0.808     0.648     0.578      1.62     0.845     0.525
   115/299     25.7G      2.15      1.27     0.777      4.19        18       640     0.461     0.821     0.658     0.587      1.63     0.842     0.499
   116/299     25.7G      2.16       1.3     0.724      4.18        16       640     0.436     0.821     0.648     0.564      1.65     0.853     0.519
   117/299     25.7G      2.17      1.26     0.782      4.22        14       640     0.458     0.821     0.656     0.585      1.62     0.854      0.49
   118/299     25.7G      2.13      1.28     0.741      4.15         8       640     0.485     0.802     0.665     0.601      1.62     0.845      0.48
   119/299     25.7G      2.12      1.27     0.759      4.15         7       640     0.459     0.838     0.666      0.59      1.61     0.839     0.481
   120/299     25.7G      2.12      1.27     0.734      4.12        12       640     0.465     0.826     0.672     0.591      1.59      0.84     0.488
   121/299     25.7G      2.09      1.27      0.72      4.08         7       640     0.464     0.814     0.653     0.587       1.6     0.835     0.523
   122/299     25.7G       2.1      1.26     0.689      4.05        18       640      0.46     0.848     0.658     0.591      1.58     0.839     0.484
   123/299     25.7G      2.12      1.28     0.721      4.12         6       640     0.452     0.847     0.658     0.584      1.56     0.831     0.482
   124/299     25.7G      2.13      1.28     0.726      4.14        11       640     0.469     0.836     0.673     0.598      1.59     0.834     0.489
   125/299     25.7G      2.11      1.27     0.723       4.1        19       640     0.484     0.835      0.68     0.608      1.56      0.83     0.457
   126/299     25.7G      2.08      1.25     0.739      4.07        12       640     0.471     0.856     0.685     0.601      1.56     0.815     0.454
   127/299     25.7G       2.1      1.28     0.703      4.09         7       640     0.477     0.839     0.685     0.604      1.55     0.822     0.449
   128/299     25.7G      2.08      1.27     0.735      4.08        17       640     0.467     0.841     0.659     0.596      1.53     0.826     0.473
   129/299     25.7G      2.07      1.25     0.673         4        24       640     0.469     0.843     0.673     0.598      1.55     0.817     0.488
   130/299     25.7G      2.09      1.25      0.71      4.05        21       640     0.486     0.828     0.682     0.609      1.55     0.817     0.476
   131/299     25.7G       2.1      1.25     0.705      4.06        18       640     0.491     0.843     0.701     0.618      1.54     0.813     0.431
   132/299     25.7G       2.1      1.24      0.71      4.05        20       640     0.483     0.836     0.695     0.609      1.55     0.808     0.457
   133/299     25.7G      2.08      1.26     0.685      4.03        17       640     0.482     0.845     0.689     0.611      1.53     0.809     0.438
   134/299     25.7G      2.06      1.25     0.699      4.01        14       640     0.469     0.844     0.705     0.599      1.51     0.805     0.411
   135/299     25.7G      2.08      1.24      0.71      4.03        11       640     0.469     0.844     0.687     0.599      1.51     0.812     0.413
   136/299     25.7G      2.07      1.26     0.695      4.03        17       640     0.489     0.853     0.715     0.617      1.47     0.804      0.44
   137/299     25.7G      2.06      1.23      0.67      3.96         9       640     0.499      0.86     0.703     0.628       1.5     0.798     0.441
   138/299     25.7G      2.05      1.24     0.675      3.97         9       640     0.488     0.863     0.719     0.618      1.48     0.802     0.425
   139/299     25.7G      2.05      1.25     0.696      3.99        19       640     0.476     0.856     0.709     0.608      1.48     0.802     0.438
   140/299     25.7G      2.07      1.25     0.713      4.03        12       640     0.481     0.856      0.71     0.613      1.49     0.808     0.418
   141/299     25.7G      2.02      1.21     0.633      3.87        11       640     0.492      0.87     0.721     0.625      1.48     0.792     0.429
   142/299     25.7G      2.03      1.22     0.675      3.92        11       640      0.48     0.874     0.708     0.616      1.48      0.79     0.456
   143/299     25.7G      2.01      1.22     0.651      3.88        15       640     0.485     0.861     0.717     0.617      1.48     0.786     0.452
   144/299     25.7G      2.05      1.23     0.649      3.93        17       640     0.488     0.873      0.74     0.622      1.46     0.774     0.408
   145/299     25.7G      2.04      1.24     0.616      3.89         9       640     0.483     0.874     0.727     0.618      1.47      0.78     0.411
   146/299     25.7G      2.02      1.24     0.658      3.92        11       640     0.503     0.878     0.721     0.637      1.47     0.782     0.423
   147/299     25.7G      2.01      1.21     0.632      3.85        20       640     0.496     0.872     0.722     0.628      1.45      0.77     0.438
   148/299     25.7G      1.99      1.22     0.643      3.85        22       640     0.509     0.856     0.733     0.635      1.46     0.771     0.417
   149/299     25.7G      1.99      1.22     0.644      3.86         8       640     0.493     0.869     0.716     0.624      1.47     0.775     0.393
   150/299     25.7G      2.03       1.2     0.651      3.88        11       640      0.49     0.881     0.737     0.626      1.44     0.765     0.365
   151/299     25.7G         2      1.21     0.649      3.86        21       640     0.495     0.886      0.74     0.632      1.43     0.762     0.395
   152/299     25.7G      2.02       1.2     0.624      3.85        17       640     0.509     0.878     0.736      0.64      1.44     0.768     0.386
   153/299     25.7G      1.98      1.22     0.603       3.8        14       640     0.504      0.89     0.745      0.64      1.42     0.756     0.395
   154/299     25.7G      1.97       1.2     0.628       3.8         9       640     0.494      0.89     0.734     0.632      1.41     0.769      0.38
   155/299     25.7G      1.97      1.19     0.629      3.79        15       640       0.5     0.889     0.733     0.637      1.42     0.761     0.404
   156/299     25.7G      1.99      1.22     0.606      3.82        13       640     0.498     0.894     0.738     0.636      1.43      0.75     0.388
   157/299     25.7G      1.97       1.2     0.589      3.76        19       640     0.503     0.894      0.75     0.641      1.44     0.743     0.365
   158/299     25.7G      1.97       1.2      0.63       3.8        19       640     0.512     0.883     0.736     0.645      1.45     0.747     0.364
   159/299     25.7G      1.95       1.2     0.591      3.75        21       640     0.523     0.879     0.746     0.653      1.43      0.74     0.365
   160/299     25.7G      1.98      1.19     0.622      3.79        16       640     0.512     0.885      0.75     0.646      1.42     0.745     0.367
   161/299     25.7G      1.96       1.2     0.604      3.77        13       640     0.522     0.885     0.741     0.653      1.41     0.745     0.357
   162/299     25.7G      1.94      1.17     0.623      3.74        11       640     0.514     0.882     0.749     0.646      1.39     0.744     0.326
   163/299     25.7G      1.96      1.19     0.601      3.75        11       640     0.508     0.888     0.759     0.644       1.4     0.737     0.316
   164/299     25.7G      1.95       1.2     0.575      3.73        12       640     0.527     0.893     0.758     0.661       1.4     0.729     0.337
   165/299     25.7G      1.94      1.17     0.588       3.7        11       640     0.521     0.911      0.76     0.661      1.42     0.728     0.326
   166/299     25.7G      1.93      1.18     0.603      3.72        11       640     0.511     0.904      0.76     0.649      1.39     0.722     0.323
   167/299     25.7G      1.94      1.16     0.605      3.71        13       640     0.518       0.9     0.766     0.655      1.39     0.724     0.319
   168/299     25.7G      1.93      1.18     0.602       3.7        11       640     0.515     0.913     0.772     0.656      1.38     0.717     0.311
   169/299     25.7G      1.94      1.18     0.582       3.7        11       640     0.533     0.903     0.777     0.667      1.37     0.716     0.315
   170/299     25.7G      1.95      1.18     0.636      3.77        17       640     0.522     0.897     0.773     0.657      1.39     0.719     0.345
   171/299     25.7G      1.91      1.19     0.589      3.68        12       640     0.507     0.896     0.772     0.645      1.38     0.712     0.344
   172/299     25.7G      1.92      1.17     0.602      3.69        12       640     0.513     0.905     0.777     0.653      1.36      0.71     0.328
   173/299     25.7G      1.91      1.14     0.546       3.6        16       640     0.519     0.905     0.789     0.657      1.34     0.698     0.315
   174/299     25.7G       1.9      1.16     0.561      3.62         6       640     0.528     0.914     0.791     0.666      1.33     0.703      0.29
   175/299     25.7G       1.9      1.16     0.549       3.6        12       640      0.52     0.923     0.788     0.661      1.34     0.707     0.318
   176/299     25.7G       1.9      1.16     0.557      3.62         8       640     0.525     0.921     0.789     0.665      1.33     0.703     0.317
   177/299     25.7G      1.88      1.17     0.571      3.63        15       640     0.523     0.919     0.788     0.663      1.33     0.698     0.317
   178/299     25.7G      1.88      1.15     0.536      3.56        17       640     0.525     0.922     0.795     0.666      1.32     0.695     0.297
   179/299     25.7G      1.87      1.14     0.625      3.64        23       640     0.526     0.924     0.791     0.668       1.3     0.695      0.29
   180/299     25.7G      1.88      1.16     0.554      3.59        18       640     0.541     0.926     0.802     0.681       1.3     0.688     0.284
   181/299     25.7G      1.87      1.15      0.55      3.57        10       640     0.545      0.93     0.807     0.684      1.29     0.685     0.287
   182/299     25.7G      1.88      1.16     0.526      3.57        13       640     0.547     0.918     0.804     0.682       1.3     0.682     0.294
   183/299     25.7G      1.85      1.14     0.544      3.53         6       640      0.54     0.911     0.801     0.675       1.3     0.678     0.298
   184/299     25.7G      1.87      1.14     0.551      3.56        16       640     0.542     0.913     0.797     0.677       1.3     0.671     0.305
   185/299     25.7G      1.85      1.13     0.526       3.5        10       640     0.541     0.916     0.791     0.677      1.29      0.67     0.313
   186/299     25.7G      1.83      1.14     0.524      3.49        10       640      0.54     0.921     0.797     0.677      1.28     0.668     0.296
   187/299     25.7G      1.84      1.12     0.535       3.5        12       640     0.543     0.921     0.801      0.68      1.27     0.664     0.293
   188/299     25.7G      1.82      1.13     0.517      3.46        23       640      0.54     0.925     0.806      0.68      1.26     0.667     0.288
   189/299     25.7G      1.84      1.12     0.507      3.47        11       640     0.545     0.927     0.805     0.683      1.26     0.665     0.283
   190/299     25.7G      1.83      1.13     0.545      3.51        11       640     0.543     0.935     0.809     0.684      1.26     0.662     0.271
   191/299     25.7G      1.81      1.12     0.562      3.49         9       640     0.551     0.933     0.819      0.69      1.27     0.658     0.259
   192/299     25.7G      1.83       1.1     0.517      3.45        17       640     0.553     0.935     0.818     0.693      1.27     0.658     0.246
   193/299     25.7G      1.83      1.12     0.509      3.46         5       640      0.55     0.937     0.809     0.691      1.27      0.66     0.242
   194/299     25.7G      1.83      1.13     0.508      3.46        17       640     0.553     0.934      0.81     0.691      1.26     0.659     0.238
   195/299     25.7G       1.8      1.13     0.557      3.49        13       640     0.565     0.936     0.813     0.701      1.27     0.661     0.233
   196/299     25.7G      1.82      1.13     0.531      3.48         8       640     0.568     0.935     0.826     0.704      1.25     0.656     0.226
   197/299     25.7G      1.81      1.12     0.511      3.44         7       640     0.569     0.937     0.826     0.704      1.25     0.652     0.227
   198/299     25.7G      1.79      1.11     0.506       3.4        14       640     0.556     0.941     0.827     0.695      1.25     0.649     0.229
   199/299     25.7G       1.8      1.11     0.497       3.4         9       640     0.557     0.943     0.828     0.698      1.24     0.643      0.23
   200/299     25.7G       1.8      1.09     0.498      3.39        10       640     0.565     0.943     0.833     0.703      1.23     0.641     0.236
   201/299     25.7G       1.8      1.09     0.493      3.39        14       640     0.568     0.949     0.837     0.707      1.22     0.638     0.231
   202/299     25.7G      1.78      1.12     0.489      3.39        10       640     0.563     0.947     0.836     0.702      1.22     0.639     0.213
   203/299     25.7G      1.76       1.1     0.499      3.36         5       640     0.566     0.949     0.836     0.705      1.21     0.638     0.206
   204/299     25.7G      1.78      1.09     0.488      3.37        11       640     0.559     0.947     0.836       0.7       1.2     0.637     0.207
   205/299     25.7G       1.8      1.09     0.499      3.39        12       640     0.566     0.946     0.839     0.705       1.2     0.633     0.206
   206/299     25.7G      1.78      1.09     0.501      3.38        21       640     0.566     0.947     0.839     0.705       1.2     0.631     0.215
   207/299     25.7G      1.78      1.08     0.492      3.35        23       640     0.572     0.945     0.837      0.71      1.19     0.631     0.222
   208/299     25.7G      1.76      1.09     0.489      3.33        14       640     0.562     0.943     0.833     0.701      1.19      0.63     0.221
   209/299     25.7G      1.75       1.1     0.477      3.33        15       640     0.567     0.948     0.832     0.706      1.19     0.625     0.222
   210/299     25.7G      1.74      1.08     0.482      3.31        17       640     0.573     0.957     0.836     0.714      1.18      0.62     0.217
   211/299     25.7G      1.74      1.08     0.464      3.28        22       640     0.572     0.952     0.834     0.712      1.18      0.62     0.214
   212/299     25.7G      1.74      1.08     0.491      3.31        24       640     0.576     0.951     0.833     0.714      1.18     0.618     0.212
   213/299     25.7G      1.75      1.07     0.466      3.29        12       640     0.577     0.947     0.835     0.714      1.17     0.616     0.212
   214/299     25.7G      1.75      1.07     0.476       3.3        16       640     0.576     0.952     0.838     0.714      1.16     0.612     0.204
   215/299     25.7G      1.72      1.09     0.481      3.29        10       640     0.579     0.954     0.837     0.717      1.16     0.614     0.204
   216/299     25.7G      1.71      1.06     0.468      3.24         9       640     0.574     0.957     0.838     0.714      1.16     0.612     0.199
   217/299     25.7G      1.72      1.06     0.488      3.27        12       640     0.574      0.96      0.84     0.714      1.16      0.61       0.2
   218/299     25.7G      1.74      1.06     0.479      3.28        14       640     0.577     0.961     0.842     0.718      1.15     0.607     0.193
   219/299     25.7G      1.73      1.07       0.5       3.3        17       640     0.574     0.959     0.847     0.715      1.14     0.604     0.188
   220/299     25.7G      1.69      1.07     0.434      3.19        14       640     0.567     0.957     0.849     0.709      1.14     0.602     0.185
   221/299     25.7G       1.7      1.06     0.462      3.22        10       640     0.571     0.956     0.849     0.712      1.14     0.599     0.187
   222/299     25.7G      1.72      1.04     0.459      3.21        22       640     0.572     0.959     0.847     0.713      1.14       0.6     0.193
   223/299     25.7G      1.68      1.04     0.448      3.18        14       640     0.576     0.963     0.846     0.718      1.14       0.6     0.195
   224/299     25.7G      1.69      1.05     0.448      3.19        11       640     0.569      0.96     0.844     0.712      1.13     0.599     0.199
   225/299     25.7G      1.71      1.04     0.486      3.24         9       640     0.565     0.959     0.845     0.708      1.13     0.596     0.202
   226/299     25.7G      1.69      1.05     0.433      3.18         6       640     0.559      0.96     0.841     0.703      1.13     0.596     0.203
   227/299     25.7G      1.68      1.05     0.437      3.16         6       640      0.56      0.96     0.841     0.705      1.12     0.596     0.203
   228/299     25.7G      1.66      1.05     0.434      3.15        14       640     0.564     0.967     0.842     0.709      1.12     0.594     0.198
   229/299     25.7G      1.64      1.05      0.44      3.13        10       640     0.565     0.966     0.842      0.71      1.12     0.592     0.193
   230/299     25.7G      1.66      1.04     0.451      3.15        11       640     0.564     0.966     0.841     0.709      1.11      0.59     0.193
   231/299     25.7G      1.68      1.04     0.447      3.16        11       640     0.565     0.968     0.843      0.71      1.11     0.588     0.192
   232/299     25.7G      1.67      1.04     0.424      3.13        17       640     0.571      0.97     0.843     0.715      1.11     0.588     0.188
   233/299     25.7G      1.65      1.02     0.444      3.12         8       640     0.569     0.965     0.845     0.713       1.1     0.588     0.183
   234/299     25.7G      1.64      1.04     0.444      3.12        14       640     0.571     0.971     0.847     0.716       1.1     0.587      0.18
   235/299     25.7G      1.65      1.01     0.437       3.1         9       640     0.578     0.972     0.847     0.722      1.09     0.587     0.177
   236/299     25.7G      1.64      1.03     0.428       3.1         5       640      0.58     0.971     0.848     0.723      1.09     0.586     0.177
   237/299     25.7G      1.66      1.03     0.429      3.11         5       640     0.581     0.967      0.85     0.723      1.09     0.583     0.172
   238/299     25.7G      1.63      1.02     0.412      3.06        18       640     0.583     0.967     0.852     0.725      1.09     0.582     0.172
   239/299     25.7G      1.61      1.02     0.434      3.07        11       640     0.583      0.97     0.852     0.726      1.09     0.582     0.173
   240/299     25.7G       1.6      1.02     0.413      3.04        15       640     0.585      0.97     0.853     0.728      1.08      0.58     0.171
   241/299     25.7G       1.6      1.01     0.414      3.03        13       640     0.583     0.972     0.855     0.726      1.08     0.579      0.17
   242/299     25.7G      1.61      1.01     0.414      3.03        13       640     0.581     0.968     0.853     0.723      1.08     0.579     0.169
   243/299     25.7G      1.59         1     0.415         3        16       640     0.582     0.965     0.851     0.723      1.08     0.578     0.166
   244/299     25.7G      1.63      1.02     0.438       3.1         7       640     0.586     0.972     0.857     0.728      1.08     0.575     0.162
   245/299     25.7G      1.62      1.01     0.408      3.04        15       640     0.587     0.971     0.855     0.728      1.07     0.576     0.161
   246/299     25.7G      1.62      1.02     0.427      3.07        14       640     0.586     0.968     0.859     0.727      1.07     0.575      0.16
   247/299     25.7G       1.6     0.985      0.41         3        10       640     0.592      0.97      0.86     0.732      1.07     0.573     0.159
   248/299     25.7G      1.61      1.01     0.428      3.04        11       640     0.593     0.973      0.86     0.733      1.07      0.57     0.159
   249/299     25.7G       1.6      1.03     0.409      3.04        10       640     0.593     0.971      0.86     0.733      1.07     0.568     0.158
   250/299     25.7G      1.61         1     0.388         3         7       640      0.59     0.969     0.861      0.73      1.06     0.567     0.154
   251/299     25.7G      1.62      1.01     0.413      3.04        11       640     0.593     0.975     0.863     0.734      1.06     0.566     0.152
   252/299     25.7G      1.58     0.969     0.409      2.96        13       640     0.592     0.974     0.864     0.733      1.06     0.565      0.15
   253/299     25.7G      1.59     0.991     0.408      2.99        12       640      0.59     0.977     0.864     0.733      1.05     0.564     0.147
   254/299     25.7G      1.58         1      0.42      3.01         5       640     0.588     0.979     0.864     0.731      1.05     0.564     0.147
   255/299     25.7G      1.58     0.998     0.391      2.97         5       640      0.59     0.977     0.865     0.732      1.05     0.562     0.147
   256/299     25.7G      1.57     0.979     0.396      2.94         8       640      0.59     0.975     0.864     0.732      1.05     0.561     0.145
   257/299     25.7G      1.59     0.983     0.405      2.98        13       640     0.592     0.978     0.865     0.735      1.04     0.558     0.144
   258/299     25.7G      1.58     0.983     0.395      2.96        13       640     0.596     0.978     0.864     0.737      1.04     0.557     0.144
   259/299     25.7G      1.58     0.991     0.398      2.97        23       640     0.598      0.98     0.865     0.739      1.04     0.557     0.142
   260/299     25.7G      1.56     0.978     0.392      2.93        11       640     0.599     0.983     0.865     0.741      1.04     0.556     0.143
   261/299     25.7G      1.56     0.975     0.395      2.93        14       640     0.597     0.982     0.866      0.74      1.04     0.555     0.143
   262/299     25.7G      1.55     0.983     0.368       2.9         7       640     0.598     0.982     0.866      0.74      1.04     0.553     0.143
   263/299     25.7G      1.56     0.978     0.397      2.93        13       640     0.599     0.985     0.867     0.742      1.03     0.553     0.142
   264/299     25.7G      1.55      0.98     0.396      2.92        10       640     0.597     0.985     0.868      0.74      1.03     0.552     0.142
   265/299     25.7G      1.55     0.989     0.383      2.92        15       640     0.596     0.984     0.867     0.739      1.03     0.553     0.142
   266/299     25.7G      1.54     0.972     0.389       2.9        15       640     0.594     0.982     0.867     0.737      1.03     0.553     0.144
   267/299     25.7G      1.55     0.961     0.396       2.9        17       640     0.593     0.983     0.867     0.737      1.03     0.551     0.145
   268/299     25.7G      1.55     0.958     0.383      2.89        13       640     0.593      0.98     0.866     0.736      1.03     0.551     0.145
   269/299     25.7G      1.53      0.96     0.394      2.89        16       640     0.594     0.981     0.864     0.737      1.03      0.55     0.144
   270/299     25.7G      1.56     0.961     0.404      2.93        10       640     0.596     0.981     0.865     0.738      1.03     0.549     0.145
   271/299     25.7G      1.53     0.976     0.364      2.87        23       640     0.596     0.981     0.865     0.738      1.03     0.548     0.145
   272/299     25.7G      1.52     0.979     0.387      2.89        13       640     0.597      0.98     0.865     0.738      1.02     0.546     0.146
   273/299     25.7G      1.54     0.964     0.385      2.89        11       640     0.595      0.98     0.865     0.737      1.02     0.545     0.146
   274/299     25.7G      1.54     0.986     0.376      2.91        15       640     0.596      0.98     0.866     0.737      1.02     0.544     0.147
   275/299     25.7G      1.55     0.965     0.401      2.92         8       640     0.596     0.978     0.867     0.737      1.02     0.543     0.148
   276/299     25.7G      1.52     0.956     0.388      2.87        18       640     0.595     0.978     0.867     0.736      1.02     0.542     0.148
   277/299     25.7G      1.53      0.96       0.4      2.89        12       640     0.596     0.978     0.867     0.737      1.02     0.542     0.147
   278/299     25.7G      1.53     0.937      0.37      2.83        16       640     0.597      0.98     0.867     0.739      1.02     0.542     0.148
   279/299     25.7G       1.5     0.949      0.39      2.84        21       640     0.599     0.982     0.869     0.741      1.02     0.541     0.148
   280/299     25.7G      1.52     0.954     0.382      2.85        11       640     0.599     0.982     0.869     0.741      1.01     0.539      0.15
   281/299     25.7G      1.52     0.964     0.361      2.84        15       640     0.599     0.982     0.869      0.74      1.01     0.538     0.151
   282/299     25.7G       1.5     0.933     0.379      2.81        11       640     0.599     0.983     0.869     0.741      1.01     0.537     0.151
   283/299     25.7G      1.51     0.948     0.362      2.82        11       640     0.599     0.984      0.87     0.741      1.01     0.536     0.152
   284/299     25.7G      1.51     0.947     0.413      2.87        23       640     0.601     0.985     0.869     0.743      1.01     0.535     0.154
   285/299     25.7G       1.5     0.941     0.392      2.83        14       640     0.599     0.981      0.87     0.741      1.01     0.534     0.154
   286/299     25.7G       1.5     0.958      0.38      2.84        17       640     0.597     0.979      0.87     0.739         1     0.533     0.154
   287/299     25.7G       1.5     0.958     0.351       2.8        19       640     0.597     0.981      0.87     0.739         1     0.532     0.154
   288/299     25.7G      1.49     0.963     0.357      2.81        11       640     0.596     0.981     0.871     0.739         1     0.532     0.154
   289/299     25.7G      1.48     0.945     0.356      2.78         8       640     0.594     0.981     0.871     0.737         1     0.531     0.153
   290/299     25.7G      1.49     0.933      0.37       2.8        10       640     0.594     0.981     0.872     0.737     0.998     0.531     0.152
   291/299     25.7G      1.49      0.93     0.365      2.78        15       640     0.595     0.983     0.872     0.738     0.996      0.53     0.152
   292/299     25.7G       1.5     0.951     0.359      2.81        16       640     0.593     0.983     0.872     0.736     0.996     0.529     0.151
   293/299     25.7G      1.49     0.936     0.371       2.8        16       640     0.593     0.983     0.872     0.737     0.994     0.528     0.151
   294/299     25.7G      1.47     0.948     0.368      2.79        24       640     0.593     0.983     0.872     0.737     0.992     0.528     0.151
   295/299     25.7G       1.5     0.936     0.404      2.84         9       640     0.594     0.983     0.873     0.737      0.99     0.527      0.15
   296/299     25.7G      1.47     0.949      0.34      2.76        15       640     0.594     0.983     0.874     0.737     0.988     0.526     0.149
   297/299     25.7G      1.47     0.927     0.366      2.77        24       640     0.596     0.981     0.875     0.738     0.987     0.525     0.147
   298/299     25.7G      1.47     0.932     0.363      2.76        14       640     0.598     0.981     0.875      0.74     0.986     0.525     0.147
   299/299     25.7G      1.49     0.932     0.372      2.79         7       640     0.599     0.981     0.875      0.74     0.984     0.524     0.146
